[app/ui]
version = 6.0.1
modtime = 1393492298.439825000

[app/launcher]
version = 6.0.1
modtime = 1393492298.441806000
